band w=2 C=24 kappa=4.257
   mu_star     gap_SR    gap_Ref   Ref/SR bestB
     1.000   0.037066   0.075047    2.025     2
     0.700   0.037066   0.075047    2.025     2
     0.500   0.037066   0.075047    2.025     2
     0.300   0.037066   0.074948    2.022     2
     0.200   0.037066   0.065602    1.770     2
     0.140   0.037066   0.056649    1.528     2
     0.100   0.037066   0.048810    1.317     2
     0.070   0.037066   0.040333    1.088     2
     0.050   0.037066   0.033183    0.895     2
     0.030   0.026897   0.022528    0.838     2
     0.020   0.018235   0.015059    0.826     2
     0.010   0.009254   0.007545    0.815     2

band w=2 C=32 kappa=5.668
   mu_star     gap_SR    gap_Ref   Ref/SR bestB
     1.000   0.029419   0.081017    2.754     2
     0.700   0.029419   0.081017    2.754     2
     0.500   0.029419   0.081017    2.754     2
     0.300   0.029419   0.074948    2.548     2
     0.200   0.029419   0.065602    2.230     2
     0.140   0.029419   0.056649    1.926     2
     0.100   0.029419   0.048810    1.659     2
     0.070   0.029419   0.040333    1.371     2
     0.050   0.029419   0.033183    1.128     2
     0.030   0.026897   0.022528    0.838     2
     0.020   0.018235   0.015059    0.826     2
     0.010   0.009254   0.007545    0.815     2

